750
922
325
997
424 696
594
275
776
567
948
218 806
351
853 150
876 496
947 861
164
28
280 883
932 617
282
563 898
761
671
167
458 968
940 600
793 30
713
819
240
90
837 661
654
438 443
722
208
542 956
87
539
928 716
395 82
903 324
520
147 752
62
584
765 365
691
479
929 590
433
605
564 609
94 290
507
281
983
593
430
432 961
77
29
692
489
781 783
782 49
843
205
363 673
772
604
890
974 683
953 577
315
303
65 44
236 657
946 571
41
538
328
887
228
334
326
533
67 832
706
258
73
734
908
778
404
506
148
845
422 54
294
860
583 237
11
830
176
206 93
934 291
223 902
64 973
663
679
313
809
546
46 168
272
963
540
50
812
121
185 717
800 558
323
109
503 796
863
556
348
329
620 744
899
268
344 95
103
249 758
468
892 108
943 999
273 331
80 266
435
849
914
789 881
668 996
411
615 495
597
155 123
850
343 214
688
264 12
298
650
962
529 810
954
603 96
553 257
704
467
14
844
760 808
4
388 428
994
340
24
320
785
745
450
838 701
873 338
1
463
585 469
81
391
145
587 418
480
112
139
3
629
642
361
416
675 818
0 335
703 2
626
492 413
509
739
195 128
915 912
202
143 562
105 651
680
693
114 104
187
560
500
893
455 522
798 715
959
633 165
660 173
194
107
276
526
519
235
17
846 674
136
614
814 634
653 525
549
886
596
771
215 847
741
302
321 840
884 524
598 481
311
488
261
45
647
967 709
274
702
767
262 47
536
227 403
945 366
619 146
551
420
656
75
132
976
189
989
880
255
9
20 408
292
900
35
817 157
234 131
610
591
641
299
707
296
175 612
486
233
98
803
773 579
719
271 801
875
36 501
245
380
330 52
936
70
310 101
622 84
867
362
955
309
372 751
658
573 270
825 118
510 337
377
970
885 897
576
181
755
277
358
792
229
423
304 160
308
913
269 27
316
10 86
279
864
209
725
449 246
535 824
980 828
225
39
357
475 53
356
163 635
289 350
718
407 172
232
712
514
531
190 398
100
459 401
293
106
627
836
154
750 490
412
448
217
278
916 835
25
502
431
854
397
811
141
588
901 965
544 191
156 862
472
295 979
122
574
387
247
55 589
354
631 841
378
203
879 259
746
749 599
632 248
667
831
120
802
137 204
646
48
878
891 871
442
882 8
85 124
766
919 586
38
42
988 697
986
18 390
312
58 833
917
645
297 788
300
570
694
530
265
888
555
127
159
375 494
630 595
74
483
15 684
690
379
244 474
140
992
178
730
950
22
705 59
543 417
623
700 385
966
40 285
196
91 774
374
493
639
393
402 628
224 226
346
724
242 130
670 207
552 133
477
649
799
353 464
220
389
977 759
687
499
382 339
152 726
359 399
791
497
110
780
621
938
638
541
851
565
711 695
924
643 698
829
944
473
731 355
935
427 517
441
33
742
561
729
23
138 866
534 797
602
933
182 858
484 198
439
211
523 410
5
498 158
550
557
874
144 66
286
83
429
652
454 238
425
964
889
267
135
820
287
174
142
672
927 937
951
113
161 982
733
504
43
368 769
753 636
21
251
177
92
815
117 664
655
923
61 318
971
453
183 918
754
263 930
978
920 662
367
440
414 518
872 31
332
926
231 582
625 995
607 686
969
222
532
68 834
260
823
197
460
975
998
179
972
305
508
322 676
592
575
678
462
134 513
921
125
461 511
868 981
949 162
406
505
990 699
126 537
568 894
364
826
451
611
465 71
723
732
677
747
957 171
26 97
764
360
13
775
689 327
230
906
821
616
779
991 79
253 200
572 521
370
445 624
516
466 341
219
116 993
381
669
939
910 547
909 470
807
757
352
685 405
710 618
69 637
856 99
960 437
149
383 415
763 180
648
419 528
256 250
640
336 384
869
743
580 665
212
254
88 307
907
895
855
608 426
728
736
905
896
89
777
400
6 51
283
804
288 545
478 32
865
184
554
601 770
396
613
852
284
952 813
527 169
784
63
708
452 566
768
345 37
485
317
606
958 188
193
373 119
748
34
794 392
457
371 471
727
301
102 221
444 76
738
347
681 578
19
848
60
559
931
349
421
941 857
666 57
911 376
436
153 151
16
216
790
210
787
170
314
569
213
870
859
369
78
512 795
456
659 904
409 740
342
115 735
192
186
842
72 984
111
56
762 581
386 447
243 129
166
816 721
7
987
682
241
252 548
877
985 199
476 714
201
446
822
515
827
239
839
487 306
925
756
394 805
319
720 482
644
942
737 434
786
333
491
