750
1
3
4
5
7
9
11
13
14
16
17
19
21
22
23
24
25
28
29
33
34
35
38
39
41
42
43
45
48
50
56
60
62
63
70
73
74
75
77
78
81
83
87
89
90
92
98
100
103
106
107
109
110
111
112
113
120
121
122
125
127
132
135
136
139
140
141
142
145
148
149
154
159
164
166
167
170
174
176
177
178
179
181
184
186
187
189
192
193
194
196
197
201
202
203
205
208
209
210
211
212
213
216
217
219
220
222
225
228
229
230
232
233
235
239
240
241
245
247
251
254
255
258
260
261
265
267
268
272
274
275
276
277
278
279
281
282
283
284
286
287
292
293
294
296
298
299
300
301
302
303
305
308
309
311
312
313
314
315
316
317
319
320
323
325
326
328
329
332
333
334
340
342
346
347
348
349
351
352
354
356
357
358
360
361
362
364
367
369
370
374
377
378
379
380
381
387
389
391
393
396
397
400
404
406
411
412
416
420
421
423
425
429
430
431
433
435
436
439
440
441
442
446
448
450
451
453
456
457
460
462
463
467
468
472
473
477
479
480
483
485
486
488
489
491
493
497
499
500
502
504
505
506
507
508
509
514
515
516
519
520
526
530
531
532
533
536
538
539
540
541
546
549
550
551
554
555
556
557
559
560
561
565
567
569
570
574
575
576
584
588
591
592
593
594
596
597
602
604
605
606
610
611
613
614
616
621
623
626
627
629
638
639
640
641
642
644
645
646
647
648
649
650
652
654
655
656
658
663
667
669
671
672
677
678
679
680
682
687
688
690
691
692
693
694
702
704
706
707
708
712
713
718
719
722
723
724
725
727
728
729
730
732
733
734
736
738
739
741
742
743
745
746
747
748
754
755
756
757
761
764
766
767
768
771
772
775
776
777
778
779
780
784
785
786
787
790
791
792
799
802
803
804
807
809
811
812
815
819
820
821
822
823
826
827
829
830
831
836
839
842
843
844
845
848
849
850
851
852
854
855
859
860
863
864
865
867
869
870
874
875
877
878
880
886
887
888
889
890
893
895
896
899
900
905
906
907
908
913
914
917
921
922
923
924
925
926
931
933
935
936
938
939
942
944
948
950
951
954
955
959
962
963
964
966
969
970
971
972
975
976
978
983
986
987
989
992
994
997
998
763 469
824 182
128 915
353 737
97 262
169 27
782 105
892 659
153 438
825 653
909 306
916 424
609 330
54 470
466 386
55 407
518 760
681 527
990 363
872 578
832 490
635 794
562 664
297 740
544 341
813 58
91 607
904 452
876 46
751 960
752 853
215 930
204 331
573 32
715 587
945 934
522 838
547 199
31 67
940 461
619 973
661 487
857 835
625 72
152 12
535 383
977 615
417 146
465 837
676 846
958 8
632 57
600 371
581 257
789 259
703 631
643 548
51 428
65 270
620 695
617 321
891 459
847 246
993 564
884 699
236 608
68 339
20 134
947 521
828 492
95 147
322 345
291 156
781 590
628 634
226 350
542 231
814 572
183 318
214 280
700 355
510 697
130 674
662 833
40 99
444 160
85 385
783 118
426 458
871 937
422 419
0 191
161 580
965 982
410 928
207 79
18 61
731 709
84 534
946 868
375 637
399 114
806 200
765 482
102 579
961 558
750 800
710 873
464 721
882 137
495 295
437 471
701 762
392 2
173 953
840 71
759 929
773 104
126 603
253 484
796 788
366 675
494 952
401 793
512 902
368 26
238 123
382 310
157 390
805 269
10 414
571 749
932 88
834 866
501 589
218 758
376 716
273 911
711 898
398 595
985 449
657 660
163 949
117 901
797 15
94 150
885 372
427 86
168 577
180 144
405 481
841 447
705 388
395 717
129 64
242 49
981 918
808 138
684 979
53 80
413 862
248 418
66 324
76 101
288 338
237 221
285 155
496 598
583 271
415 185
403 941
996 943
586 474
408 689
894 633
651 903
343 673
910 801
243 991
883 537
529 108
881 503
735 974
304 289
545 344
116 523
82 264
165 856
6 698
249 263
988 552
816 206
384 879
624 119
93 115
409 618
999 599
432 190
563 171
919 172
585 769
162 454
744 666
455 927
223 336
307 858
686 968
143 266
601 478
795 582
402 224
720 511
525 817
984 770
337 335
133 96
967 30
726 365
636 753
188 434
553 443
475 810
256 956
513 683
151 327
47 798
244 59
612 630
568 818
543 44
37 714
195 359
158 476
517 124
198 957
668 912
670 980
131 685
394 36
69 52
566 861
696 622
290 897
524 665
445 995
234 175
373 528
774 252
498 920
227 250
